402474.42625542 4132986.35296419
402475.16835965 4132991.49286480
402477.07499136 4132999.24894730
402478.94308077 4133009.77948305
402480.92432054 4133020.89678919
402482.81432152 4133031.02761394
402483.55557807 4133035.33532414
402487.52378867 4133055.78341404
402489.11614805 4133065.46277262
402490.11519671 4133069.84515107
402490.07413014 4133074.68349225
402488.76774371 4133078.13848241
402486.01227329 4133082.68667536
402479.74773784 4133085.65575139
402460.20060573 4133089.20132118
402455.48007670 4133088.57949825
402451.99582543 4133084.57007477
402449.66151754 4133073.56785034
402447.09953034 4133060.51551812
402444.90539249 4133049.37850849
402442.78929330 4133038.09634129
402440.07674915 4133022.77108342
402438.13911352 4133014.63810512
402435.55495923 4133011.08422486
402432.12642079 4133010.33638798
402425.04505253 4133011.63953029
402412.58721006 4133013.81539513
402415.87661941 4133007.95162050
402416.78330560 4133011.24765880
402421.22299972 4133012.09465689
402432.92645711 4133009.80554584
402436.55748676 4133005.12506994
402433.49186447 4132986.87458319
402431.74637747 4132976.98619523
402429.23759759 4132972.29964410
402424.22687022 4132971.86985315
402402.94091370 4132976.75625281
402399.37897188 4132984.32090187
402402.72014170 4133004.92051997
402407.99886712 4133029.84717828
402413.48307923 4133032.13556691
402434.19039270 4133028.54307487
402441.73710979 4133028.39959552
402446.09922430 4133036.27128932
402449.14171813 4133053.30148850
402454.79589827 4133082.32932147
402453.40748282 4133088.62585437
402447.15712476 4133092.04972673
402441.50673554 4133092.98110010
402431.25984400 4133094.80937625
402419.90668915 4133095.21918100
402415.04702802 4133087.98577652
402409.81269131 4133060.78391181
402403.23773500 4133026.50733289
402396.89943602 4132990.49701984
402396.49954387 4132979.76073982
402407.98166219 4132971.40465604
402441.41673699 4132965.21152117
